00000000: 01000010 01001101 01110110 00000001 00000000 00000000  BMv...
00000006: 00000000 00000000 00000000 00000000 00110110 00000000  ....6.
0000000c: 00000000 00000000 00101000 00000000 00000000 00000000  ..(...
00000012: 00001010 00000000 00000000 00000000 00001010 00000000  ......
00000018: 00000000 00000000 00000001 00000000 00011000 00000000  ......
0000001e: 00000000 00000000 00000000 00000000 01000000 00000001  ....@.
00000024: 00000000 00000000 00010011 00001011 00000000 00000000  ......
0000002a: 00010011 00001011 00000000 00000000 00000000 00000000  ......
00000030: 00000000 00000000 00000000 00000000 00000000 00000000  ......
00000036: 00111011 01010111 01110111 00110001 01010110 01101101  ;Ww1Vm
0000003c: 00110110 01000111 01100000 00111010 01000100 01010001  6G`:DQ
00000042: 00111100 01000110 01010011 00111001 01010100 01110001  <FS9Tq
00000048: 00110000 01011001 01110111 00101101 01010110 01111011  0Yw-V{
0000004e: 00101101 01011101 10000100 00101010 01101010 01111010  -].*jz
00000054: 00000000 00000000 00101100 01011101 01111101 00010101  ..,]}.
0000005a: 00110000 00110110 00011110 00011101 00110000 00100001  06..0!
00000060: 00010011 00011101 00100011 00010011 00100000 00100011  ..#. #
00000066: 00100110 00111011 00011000 00100100 00110110 00010101  &;.$6.
0000006c: 00011010 00110010 00011110 00101100 01011000 00101101  .2.,X-
00000072: 01011101 10000100 00000000 00000000 00101111 01011001  ].../Y
00000078: 01110111 00010110 00011000 00010011 00010111 00011000  w.....
0000007e: 00110101 00010001 00010001 00101100 00010001 00010011  5..,..
00000084: 00101101 00011001 00011110 01000000 00001110 00010100  -..@..
0000008a: 00100110 00001000 00000101 00001101 00010010 00011110  &.....
00000090: 00111000 00101100 01010111 01111110 00000000 00000000  8,W~..
00000096: 00101100 01010100 01110001 00011001 00010000 00001010  ,Tq...
0000009c: 00011000 00011100 01000001 00001111 00011000 00110101  ..A..5
000000a2: 00001111 00011000 00110100 00010110 00100001 01001001  ..4.!I
000000a8: 00001010 00010001 00100101 00000101 00000010 00000010  ..%...
000000ae: 00001110 00011100 00101001 00101001 01010111 01111001  ..))Wy
000000b4: 00000000 00000000 00101011 01010101 01110010 00010111  ..+Ur.
000000ba: 00010011 00010011 00011000 00011011 01000000 00010011  ....@.
000000c0: 00011111 01000011 00010011 00011101 01000001 00010100  .C..A.
000000c6: 00011111 01000110 00001010 00001110 00100000 00000100  .F.. .
000000cc: 00000011 00000001 00001110 00011100 00100110 00101001  ....&)
000000d2: 01010111 01110111 00000000 00000000 00101010 01010101  Ww..*U
000000d8: 01110011 00010011 00010110 00011010 00010000 00010000  s.....
000000de: 00101000 00001101 00010100 00101101 00001001 00001111  (..-..
000000e4: 00100010 00001011 00010001 00100101 00000110 00001001  "..%..
000000ea: 00010101 00000100 00000011 00000011 00001110 00011100  ......
000000f0: 00100110 00101001 01010111 01110111 00000000 00000000  &)Ww..
000000f6: 00101010 01010110 01110100 00010010 00010111 00011010  *Vt...
000000fc: 00001011 00000111 00010100 00000111 00001100 00011010  ......
00000102: 00000100 00000111 00001111 00001011 00010001 00100111  .....'
00000108: 00001001 00001110 00100001 00000110 00000011 00000110  ..!...
0000010e: 00001110 00011101 00100101 00101010 01011000 01110111  ..%*Xw
00000114: 00000000 00000000 00101100 01011011 01111000 00010111  ..,[x.
0000011a: 00100010 00100010 00001111 00001010 00011000 00001011  ""....
00000120: 00001110 00011010 00000100 00000011 00000011 00001010  ......
00000126: 00001111 00011101 00001001 00010000 00100001 00000100  ....!.
0000012c: 00001000 00001011 00001101 00100111 00101010 00101101  ...'*-
00000132: 01011101 01111001 00000000 00000000 00101110 01011111  ]y..._
00000138: 01111111 00100011 00111010 00111101 00011100 00011001  .#:=..
0000013e: 00100001 00011010 00010110 00011100 00010111 00001101  !.....
00000144: 00000110 00011010 00010111 00011100 00010101 00011101  ......
0000014a: 00101010 00001100 00100010 00100011 00001100 00111111  *."#.?
00000150: 01000010 00101010 01100000 10000000 00000000 00000000  B*`...
00000156: 00101010 01011000 10000100 00101111 01011101 01111010  *X./]z
0000015c: 00110001 01010100 01101010 00110001 01001110 01101001  1Tj1Ni
00000162: 00110000 01001100 01011111 00110001 01010001 01101001  0L_1Qi
00000168: 00101101 01010011 01110011 00101101 01011001 01110011  -Ss-Ys
0000016e: 00101010 01011111 01111111 00111010 01011010 10001010  *_.:Z.
00000174: 00000000 00000000                                      ..
