00000000: 01000010 01001101 01110110 00000001 00000000 00000000  BMv...
00000006: 00000000 00000000 00000000 00000000 00110110 00000000  ....6.
0000000c: 00000000 00000000 00101000 00000000 00000000 00000000  ..(...
00000012: 00001010 00000000 00000000 00000000 00001010 00000000  ......
00000018: 00000000 00000000 00000001 00000000 00011000 00000000  ......
0000001e: 00000000 00000000 00000000 00000000 01000000 00000001  ....@.
00000024: 00000000 00000000 00010011 00001011 00000000 00000000  ......
0000002a: 00010011 00001011 00000000 00000000 00000000 00000000  ......
00000030: 00000000 00000000 00000000 00000000 00000000 00000000  ......
00000036: 00111011 01011000 01110111 00110001 01010110 01101110  ;Xw1Vn
0000003c: 00110111 01001000 01100001 00111011 01000101 01010010  7Ha;ER
00000042: 00111100 01000111 01010100 00111001 01010101 01110010  <GT9Ur
00000048: 00110000 01011001 01110111 00101101 01010110 01111011  0Yw-V{
0000004e: 00101110 01011101 10000100 00101010 01101010 01111010  .].*jz
00000054: 00000000 00000000 00101101 01011110 01111101 00010110  ..-^}.
0000005a: 00110001 00110110 00011110 00011110 00110001 00100001  16..1!
00000060: 00010011 00011110 00100011 00010100 00100001 00100100  ..#.!$
00000066: 00100110 00111100 00011000 00100100 00110110 00010101  &<.$6.
0000006c: 00011011 00110010 00011111 00101101 01011001 00101110  .2.-Y.
00000072: 01011101 10000100 00000000 00000000 00110000 01011001  ]...0Y
00000078: 01111000 00010110 00011000 00010011 00011000 00011001  x.....
0000007e: 00110101 00010010 00010010 00101101 00010010 00010011  5..-..
00000084: 00101110 00011001 00011111 01000001 00001110 00010100  ...A..
0000008a: 00100111 00001001 00000110 00001110 00010011 00011110  '.....
00000090: 00111001 00101100 01011000 01111111 00000000 00000000  9,X...
00000096: 00101101 01010101 01110010 00011010 00010000 00001010  -Ur...
0000009c: 00011001 00011100 01000010 00010000 00011001 00110101  ..B..5
000000a2: 00010000 00011001 00110101 00010110 00100010 01001001  ..5."I
000000a8: 00001011 00010001 00100101 00000101 00000010 00000010  ..%...
000000ae: 00001110 00011100 00101001 00101010 01011000 01111001  ..)*Xy
000000b4: 00000000 00000000 00101011 01010101 01110011 00011000  ..+Us.
000000ba: 00010011 00010100 00011000 00011100 01000000 00010100  ....@.
000000c0: 00011111 01000100 00010011 00011110 01000001 00010101  .D..A.
000000c6: 00100000 01000110 00001010 00001111 00100001 00000100   F..!.
000000cc: 00000011 00000010 00001110 00011100 00100111 00101001  ....')
000000d2: 01010111 01110111 00000000 00000000 00101010 01010110  Ww..*V
000000d8: 01110100 00010100 00010111 00011011 00010001 00010001  t.....
000000de: 00101000 00001101 00010101 00101101 00001010 00010000  (..-..
000000e4: 00100010 00001011 00010001 00100110 00000110 00001010  "..&..
000000ea: 00010110 00000101 00000011 00000011 00001110 00011100  ......
000000f0: 00100110 00101001 01010111 01110111 00000000 00000000  &)Ww..
000000f6: 00101010 01010111 01110101 00010010 00011000 00011010  *Wu...
000000fc: 00001011 00000111 00010101 00001000 00001100 00011011  ......
00000102: 00000100 00000111 00010000 00001100 00010010 00100111  .....'
00000108: 00001010 00001111 00100001 00000111 00000011 00000110  ..!...
0000010e: 00001111 00011101 00100101 00101011 01011000 01110111  ..%+Xw
00000114: 00000000 00000000 00101101 01011100 01111001 00010111  ..-\y.
0000011a: 00100011 00100011 00010000 00001011 00011000 00001100  ##....
00000120: 00001110 00011010 00000100 00000011 00000100 00001010  ......
00000126: 00001111 00011101 00001001 00010001 00100001 00000101  ....!.
0000012c: 00001001 00001100 00001101 00101000 00101010 00101110  ...(*.
00000132: 01011101 01111010 00000000 00000000 00101111 01011111  ]z../_
00000138: 01111111 00100011 00111010 00111110 00011101 00011001  .#:>..
0000013e: 00100010 00011011 00010110 00011100 00010111 00001101  ".....
00000144: 00000110 00011010 00010111 00011101 00010101 00011101  ......
0000014a: 00101011 00001101 00100011 00100011 00001100 00111111  +.##.?
00000150: 01000010 00101010 01100001 10000001 00000000 00000000  B*a...
00000156: 00101011 01011001 10000100 00110000 01011101 01111011  +Y.0]{
0000015c: 00110001 01010100 01101010 00110010 01001111 01101001  1Tj2Oi
00000162: 00110000 01001100 01011111 00110001 01010001 01101010  0L_1Qj
00000168: 00101110 01010100 01110100 00101110 01011001 01110011  .Tt.Ys
0000016e: 00101011 01100000 10000000 00111010 01011010 10001011  +`.:Z.
00000174: 00000000 00000000                                      ..
